0	1.000000
1	0.718400
2	0.563800
3	0.459200
4	0.403600
5	0.342200
6	0.270000
7	0.218800
8	0.194800
9	0.180800
10	0.152200
11	0.123600
12	0.084800
13	0.069200
14	0.057400
15	0.039000
16	0.026400
17	0.012400
18	0.004600
19	0.012200
20	0.001000
21	0.004000
22	0.014000
23	0.018400
24	0.008400
25	0.007800
26	0.005800
27	0.008400
28	0.005800
29	0.000800
30	0.013200
31	0.010400
32	0.024400
33	0.023400
34	0.026200
35	0.024400
36	0.015600
37	0.038600
38	0.056600
39	0.046800
40	0.063400
41	0.061600
42	0.047400
43	0.056200
44	0.040200
45	0.015600
46	0.018600
47	0.027200
48	0.028600
49	0.033600
50	0.016000
51	0.004400
52	0.001600
53	0.003800
54	0.001800
55	0.007800
56	0.003200
57	0.009600
58	0.025200
59	0.026200
60	0.020200
61	0.020400
62	0.010400
63	0.006400
64	0.015600
65	0.006000
66	0.023600
67	0.033200
68	0.023000
69	0.020000
70	0.005400
71	0.009200
72	0.014400
73	0.020400
74	0.005600
75	0.007400
76	0.038400
77	0.029600
78	0.025000
79	0.029400
80	0.029400
81	0.033800
82	0.023600
83	0.009400
84	0.013800
85	0.005400
86	0.001400
87	0.012600
88	0.014800
89	0.029000
90	0.024600
91	0.029400
92	0.036400
93	0.031000
94	0.020800
95	0.023800
96	0.016600
97	0.012400
98	0.028200
99	0.025400
100	0.017400
101	0.007000
102	0.016000
103	0.003400
104	0.000800
105	0.004800
106	0.004600
107	0.009600
108	0.007800
109	0.024200
110	0.006200
111	0.017200
112	0.015800
113	0.005000
114	0.003600
115	0.001000
116	0.018800
117	0.013000
118	0.020000
119	0.021200
120	0.019800
121	0.006000
122	0.006200
123	0.002400
124	0.007000
125	0.001600
126	0.004400
127	0.001000
128	0.001200
129	0.008400
130	0.006800
131	0.017200
132	0.028000
133	0.026800
134	0.012200
135	0.007000
136	0.012000
137	0.025400
138	0.027600
139	0.026400
140	0.015000
141	0.011200
142	0.004000
143	0.002200
144	0.000800
145	0.000400
146	0.006600
147	0.023400
148	0.010800
149	0.002600
150	0.016000
151	0.020400
152	0.019200
153	0.006400
154	0.044600
155	0.047000
156	0.056200
157	0.047200
158	0.046800
159	0.036400
160	0.024000
161	0.029600
162	0.015800
163	0.024600
164	0.010000
165	0.028600
166	0.021800
167	0.023600
168	0.007200
169	0.022800
170	0.028200
171	0.023000
172	0.023800
173	0.021800
174	0.007200
175	0.000800
176	0.003400
177	0.020200
178	0.013000
179	0.001600
180	0.009200
181	0.002200
182	0.000600
183	0.000000
184	0.007200
185	0.004800
186	0.007600
187	0.004000
188	0.007200
189	0.021200
190	0.013200
191	0.018400
192	0.003800
193	0.004000
194	0.019000
195	0.011800
196	0.005000
197	0.005200
198	0.010800
199	0.023400
200	0.024400
201	0.031200
202	0.019400
203	0.000600
204	0.002800
205	0.005800
206	0.011600
207	0.025200
208	0.043400
209	0.027000
210	0.026400
211	0.010800
212	0.006200
213	0.006000
214	0.004800
215	0.007400
216	0.009400
217	0.011000
218	0.002000
219	0.001200
220	0.005600
221	0.014400
222	0.018200
223	0.021800
224	0.007400
225	0.018400
226	0.010000
227	0.005000
228	0.004600
229	0.000200
230	0.004200
231	0.003000
232	0.000600
233	0.006400
234	0.000000
235	0.000400
236	0.010600
237	0.009400
238	0.030400
239	0.020400
240	0.028600
241	0.042400
242	0.030400
243	0.026000
244	0.025600
245	0.017600
246	0.012000
247	0.026000
248	0.033000
249	0.030400
250	0.029200
251	0.035000
252	0.021400
253	0.021800
254	0.020400
255	0.021400
256	0.006800
257	0.011200
258	0.006000
259	0.008400
260	0.017400
261	0.016200
262	0.006200
263	0.010000
264	0.005200
265	0.004600
266	0.005000
267	0.019200
268	0.021600
269	0.035400
270	0.039400
271	0.043200
272	0.033200
273	0.024000
274	0.014000
275	0.010400
276	0.013600
277	0.005000
278	0.002800
279	0.008200
280	0.003400
281	0.006800
282	0.004600
283	0.009200
284	0.002800
285	0.000600
286	0.018800
287	0.021600
288	0.037200
289	0.010800
290	0.002200
291	0.009400
292	0.030600
293	0.032600
294	0.042000
295	0.022400
296	0.025400
297	0.046800
298	0.036200
299	0.034400
300	0.028600
301	0.013800
302	0.009600
303	0.007200
304	0.002400
305	0.002400
306	0.030400
307	0.019400
308	0.010800
309	0.008400
310	0.019600
311	0.027000
312	0.026200
313	0.032200
314	0.014000
315	0.013600
316	0.017400
317	0.006400
318	0.010800
319	0.011800
320	0.028600
321	0.028800
322	0.031400
323	0.020400
324	0.015800
325	0.014400
326	0.006000
327	0.001800
328	0.004800
329	0.000600
330	0.024200
331	0.008200
332	0.006600
333	0.003400
334	0.003800
335	0.010600
336	0.019200
337	0.020600
338	0.006000
339	0.000600
340	0.009800
341	0.021800
342	0.015000
343	0.000200
344	0.013600
345	0.006800
346	0.008000
347	0.022400
348	0.003800
349	0.006800
350	0.001000
351	0.001400
352	0.005800
353	0.011000
354	0.003400
355	0.010800
356	0.011200
357	0.014600
358	0.022200
359	0.024400
360	0.023400
361	0.048800
362	0.047200
363	0.045800
364	0.024400
365	0.016000
366	0.007200
367	0.014000
368	0.014800
369	0.012000
370	0.000600
371	0.009800
372	0.009800
373	0.012600
374	0.003000
375	0.023000
376	0.006600
377	0.011200
378	0.007000
379	0.003800
380	0.010400
381	0.022000
382	0.002600
383	0.008000
384	0.018000
385	0.000200
386	0.008200
387	0.008000
388	0.029400
389	0.002600
390	0.002600
391	0.009800
392	0.011800
393	0.023600
394	0.004000
395	0.003600
396	0.001000
397	0.013000
398	0.019000
399	0.008000
400	0.008400
401	0.014000
402	0.017000
403	0.000600
404	0.006800
405	0.000200
406	0.014400
407	0.001000
408	0.009600
409	0.004600
410	0.003200
411	0.009800
412	0.007800
413	0.008200
414	0.003600
415	0.006600
416	0.009600
417	0.000000
418	0.005000
419	0.014600
420	0.002200
421	0.004400
422	0.008800
423	0.004200
424	0.019200
425	0.013600
426	0.005800
427	0.006400
428	0.013600
429	0.000600
430	0.016400
431	0.002000
432	0.001000
433	0.002000
434	0.003400
435	0.006800
436	0.002400
437	0.011200
438	0.001800
439	0.013000
440	0.001200
441	0.011000
442	0.005200
443	0.017000
444	0.022000
445	0.022400
446	0.017600
447	0.011200
448	0.004600
449	0.006600
450	0.006600
451	0.010800
452	0.005800
453	0.017200
454	0.030800
455	0.037400
456	0.021800
457	0.027800
458	0.019000
459	0.034800
460	0.038400
461	0.016400
462	0.023200
463	0.015400
464	0.018800
465	0.013000
466	0.007000
467	0.008400
468	0.005800
469	0.009600
470	0.015200
471	0.028200
472	0.028200
473	0.037600
474	0.033400
475	0.034200
476	0.038600
477	0.041400
478	0.041400
479	0.040600
480	0.030200
481	0.019400
482	0.021000
483	0.004600
484	0.003000
485	0.007600
486	0.001400
487	0.002200
488	0.003000
489	0.003400
490	0.009800
491	0.001400
492	0.008400
493	0.021200
494	0.016200
495	0.019600
496	0.008000
497	0.005800
498	0.003000
499	0.002400
500	0.025600
501	0.027800
502	0.008000
503	0.010800
504	0.009400
505	0.003600
506	0.007000
507	0.002400
508	0.000800
509	0.007200
510	0.008000
511	0.004200
512	0.006800
513	0.002200
514	0.004200
515	0.013600
516	0.015400
517	0.009200
518	0.014600
519	0.012400
520	0.029000
521	0.045800
522	0.035600
523	0.043000
524	0.042200
525	0.052200
526	0.047000
527	0.039600
528	0.026600
529	0.004200
530	0.000600
531	0.004000
532	0.006200
533	0.009000
534	0.000800
535	0.010400
536	0.017200
537	0.000800
538	0.007400
539	0.008000
540	0.004200
541	0.011400
542	0.024400
543	0.026200
544	0.012000
545	0.020600
546	0.019200
547	0.011000
548	0.001800
549	0.017600
550	0.026400
551	0.009800
552	0.002200
553	0.031200
554	0.029800
555	0.015600
556	0.010400
557	0.017800
558	0.019400
559	0.017000
560	0.001800
561	0.006200
562	0.015800
563	0.022800
564	0.024800
565	0.023400
566	0.003400
567	0.000400
568	0.020200
569	0.040000
570	0.021000
571	0.005600
572	0.014800
573	0.011600
574	0.019200
575	0.007800
576	0.030800
577	0.017600
578	0.029400
579	0.001400
580	0.009600
581	0.008600
582	0.011400
583	0.008800
584	0.005400
585	0.008200
586	0.015000
587	0.003400
588	0.011600
589	0.005600
590	0.003000
591	0.000200
592	0.022600
593	0.013400
594	0.023200
595	0.009600
596	0.006200
597	0.011800
598	0.003800
599	0.008400
600	0.027600
601	0.007200
602	0.016200
603	0.018600
604	0.020800
605	0.033800
606	0.031600
607	0.023400
608	0.025400
609	0.032600
610	0.045000
611	0.050200
612	0.026200
613	0.017000
614	0.019000
615	0.027400
616	0.028000
617	0.022800
618	0.031200
619	0.038600
620	0.040400
621	0.016400
622	0.012000
623	0.032800
624	0.028000
625	0.033400
626	0.026000
627	0.021000
628	0.014600
629	0.019000
630	0.026200
631	0.013400
632	0.012400
633	0.028200
634	0.024600
635	0.002800
636	0.007000
637	0.003200
638	0.027200
639	0.021000
640	0.012000
641	0.008200
642	0.010600
643	0.001000
644	0.000000
645	0.009400
646	0.019200
647	0.019000
648	0.001200
649	0.003800
650	0.001600
651	0.010600
652	0.007200
653	0.000800
654	0.000200
655	0.014200
656	0.024400
657	0.030200
658	0.030400
659	0.008400
660	0.001400
661	0.001800
662	0.004400
663	0.001000
664	0.009800
665	0.009200
666	0.001400
667	0.002800
668	0.005400
669	0.011600
670	0.014400
671	0.007800
672	0.010000
673	0.024200
674	0.008400
675	0.015400
676	0.007000
677	0.012600
678	0.012200
679	0.008800
680	0.005800
681	0.009200
682	0.003200
683	0.011600
684	0.018000
685	0.011600
686	0.017000
687	0.022400
688	0.003000
689	0.004200
690	0.003000
691	0.011800
692	0.003200
693	0.008600
694	0.004400
695	0.005200
696	0.008400
697	0.014200
698	0.003200
699	0.017000
700	0.017200
701	0.024600
702	0.020600
703	0.026200
704	0.021200
705	0.009600
706	0.010200
707	0.015200
708	0.015800
709	0.015200
710	0.000200
711	0.009400
712	0.008600
713	0.000800
714	0.015200
715	0.014800
716	0.017400
717	0.031600
718	0.050400
719	0.042400
720	0.031000
721	0.046600
722	0.040200
723	0.024200
724	0.032200
725	0.035400
726	0.027800
727	0.040000
728	0.030800
729	0.050400
730	0.044000
731	0.011600
732	0.002000
733	0.004000
734	0.017000
735	0.001400
736	0.009200
737	0.013800
738	0.000200
739	0.002000
740	0.003000
741	0.011400
742	0.003000
743	0.004600
744	0.004600
745	0.004200
746	0.019000
747	0.017800
748	0.030200
749	0.030200
750	0.029200
751	0.017200
752	0.013800
753	0.016800
754	0.007400
755	0.016000
756	0.014200
757	0.010200
758	0.006000
759	0.013000
760	0.028600
761	0.026000
762	0.027800
763	0.017400
764	0.014800
765	0.019600
766	0.013000
767	0.000600
768	0.011400
769	0.009800
770	0.008400
771	0.012800
772	0.027200
773	0.024600
774	0.018600
775	0.015400
776	0.023200
777	0.008000
778	0.007400
779	0.014600
780	0.000400
781	0.016200
782	0.010200
783	0.002600
784	0.008800
785	0.011600
786	0.012800
787	0.009400
788	0.003600
789	0.001600
790	0.012400
791	0.007800
792	0.009800
793	0.008400
794	0.008000
795	0.003200
796	0.024400
797	0.009400
798	0.023800
799	0.000800
800	0.005800
801	0.000600
802	0.014400
803	0.013800
804	0.004200
805	0.001400
806	0.003200
807	0.004600
808	0.008200
809	0.004800
810	0.014600
811	0.013800
812	0.004200
813	0.011800
814	0.005600
815	0.003400
816	0.003600
817	0.003200
818	0.019000
819	0.020600
820	0.008600
821	0.007200
822	0.009600
823	0.013000
824	0.011600
825	0.000600
826	0.001400
827	0.000400
828	0.012600
829	0.025800
830	0.023800
831	0.011600
832	0.005000
833	0.004600
834	0.014800
835	0.014000
836	0.029600
837	0.030400
838	0.015200
839	0.011800
840	0.008600
841	0.024200
842	0.024800
843	0.012200
844	0.017600
845	0.003400
846	0.009000
847	0.018200
848	0.009200
849	0.002200
850	0.009600
851	0.019800
852	0.005000
853	0.002200
854	0.004000
855	0.022000
856	0.037400
857	0.037600
858	0.030400
859	0.039600
860	0.029600
861	0.026400
862	0.033800
863	0.022200
864	0.002000
865	0.003400
866	0.009600
867	0.008800
868	0.003800
869	0.004600
870	0.003600
871	0.004200
872	0.015800
873	0.009000
874	0.004000
875	0.007600
876	0.002600
877	0.006200
878	0.014200
879	0.008800
880	0.002400
881	0.009400
882	0.013200
883	0.008400
884	0.020400
885	0.035000
886	0.047600
887	0.033200
888	0.022600
889	0.021000
890	0.054800
891	0.046400
892	0.036000
893	0.050000
894	0.028400
895	0.026600
896	0.036600
897	0.030200
898	0.032800
899	0.061600
900	0.063200
901	0.054600
902	0.036400
903	0.035000
904	0.023600
905	0.006000
906	0.017600
907	0.016400
908	0.016000
909	0.016200
910	0.015200
911	0.007400
912	0.025800
913	0.018000
914	0.023000
915	0.007800
916	0.016000
917	0.024200
918	0.002600
919	0.002200
920	0.002800
921	0.005400
922	0.000600
923	0.010400
924	0.026400
925	0.030400
926	0.026000
927	0.012600
928	0.011400
929	0.011200
930	0.020200
931	0.020200
932	0.035200
933	0.019800
934	0.029800
935	0.012400
936	0.011600
937	0.001400
938	0.005800
939	0.013600
940	0.011800
941	0.006400
942	0.002400
943	0.013000
944	0.020000
945	0.007400
946	0.019000
947	0.036600
948	0.037200
949	0.039400
950	0.035000
951	0.017600
952	0.015000
953	0.010400
954	0.004600
955	0.008400
956	0.011000
957	0.003400
958	0.003200
959	0.008200
960	0.006200
961	0.004000
962	0.001000
963	0.012400
964	0.013000
965	0.010000
966	0.000800
967	0.006600
968	0.001000
969	0.009000
970	0.010400
971	0.008800
972	0.009600
973	0.019200
974	0.007800
975	0.027200
976	0.009400
977	0.013400
978	0.007400
979	0.022000
980	0.005000
981	0.025000
982	0.021200
983	0.036200
984	0.030200
985	0.025000
986	0.025200
987	0.010200
988	0.011200
989	0.022400
990	0.035400
991	0.029800
992	0.026000
993	0.023600
994	0.034200
995	0.039200
996	0.030600
997	0.015800
998	0.028200
999	0.015000
1000	0.025600
